
1000000 401159
1100000 34089
1200000 39957
1300000 39842
1400000 48832
1500000 48199
1600000 51628
1700000 61710
1800000 66981
1900000 63893
2000000 88101
2100000 69764
2200000 76490
2300000 73180
2400000 76326
2500000 77082
2600000 78549
2700000 90148
2800000 89997
2900000 91754
3000000 98392
3100000 101334
3200000 101525
3300000 103916
3400000 103927
3500000 110745
3600000 113213
3700000 111634
3800000 119404
3900000 128100
4000000 126792
4100000 124535
4200000 132909
4300000 129428
4400000 131865
4500000 144040
4600000 138649
4700000 142321
4800000 144373
4900000 141927