
1000000 817786
1100000 1168796
1200000 1226969
1300000 1280383
1400000 1043749
1500000 1257737
1600000 1237295
1700000 1223486
1800000 1244851
1900000 1336089
2000000 1375638
2100000 1509969
2200000 1744676
2300000 1645730
2400000 1781004
2500000 1856598
2600000 1879104
2700000 1949386
2800000 2001570
2900000 2093322
3000000 2226423
3100000 2212341
3200000 2274276
3300000 2395693
3400000 2462769
3500000 2483482
3600000 2589702
3700000 2595821
3800000 2773970
3900000 2852262
4000000 3032589
4100000 2863154
4200000 3135338
4300000 3296231
4400000 3250140
4500000 3642136
4600000 3393258
4700000 3466299
4800000 3537194
4900000 3731992